id,EAP,HPL,MWS
id02310,0.004918399293625251,0.0006409834488098928,0.9944406172575692
id24541,0.9999822660054949,1.617800830820828e-05,1.5559861892402054e-06
id00134,0.1792211961212156,0.8207136375852078,6.516629357957598e-05
id27757,0.4496292580455059,0.5503697268498223,1.0151046623814227e-06
id04081,0.9704967491267829,0.022189643691126814,0.007313607182087975
id27337,0.8606604028039041,0.13860294838720713,0.0007366488088768151
id24265,0.49690885839951,0.45797670783376454,0.0451144337667253
id25917,0.0005992352687438687,0.04166983449995253,0.9577309302313057
id04951,0.999404594659463,0.0005951045757461566,3.007647961356593e-07
id14549,0.7980958167621887,0.07368719228181053,0.1282169909560012
id22505,0.004368285583407369,0.012528121177491755,0.9831035932391045
id24002,1.6071619743234962e-07,0.9999998363397103,2.9441009935638587e-09
id18982,0.09903225027689751,0.8306408779053764,0.0703268718177252
id15181,0.00011676647047361021,0.9998806181379166,2.61539160809301e-06
id21888,0.2598106466003983,0.21347936545905247,0.5267099879405512
id12035,0.00019258258846828057,5.066378927318752e-05,0.999756753622261
id17991,0.20683838754148703,0.013725005141103388,0.7794366073174123
id10707,0.999999943205795,4.93815363559392e-09,5.185604549665681e-08
id07101,0.11242248005864228,0.2215347309218184,0.666042789019541
id00345,0.033382625635591856,0.9646378484820639,0.001979525882348062
id05912,0.9711412745475309,0.007371242751074829,0.021487482701393813
id13443,0.9870294572861995,0.0003376010654417242,0.012632941648362725
id09248,0.1330002193655294,0.11948371451784111,0.747516066116628
id17542,0.008202369240126907,0.9884404809571186,0.003357149802754777
id06995,0.0002896479354583151,3.556728399500093e-07,0.9997099963917087
id25159,0.677407952035155,0.050059625701657035,0.27253242226318813
id25729,0.6225693668882111,0.37454792111376484,0.0028827119980290652
id26949,0.9891868751241527,0.007780305366211843,0.003032819509634601
id27191,0.6536306146614469,0.00044225632211109016,0.34592712901645384
id07668,0.05100688863144603,2.4517858786715055e-07,0.9489928661899719
id02230,0.19583914721272963,0.15633496791856138,0.6478258848687071
id15553,0.999968454390023,1.3887475611091544e-06,3.0156862428918123e-05
id25688,9.746881319566201e-06,0.9999620957158568,2.8157402818924875e-05
id17545,0.9932581365486055,0.0005326721448895717,0.00620919130650264
id13929,0.2004732130192993,0.6336943428421563,0.16583244413854373
id12880,0.43626031915797076,0.38894657009517886,0.1747931107468573
id19282,0.5211387698774902,0.05967514648083635,0.4191860836416759
id14690,0.006152533609098251,0.00019476538896925777,0.9936527010019353
id17975,0.0002805653260787698,0.9992921018448977,0.00042733282902057874
id08037,0.8091034027468711,3.567512095364633e-06,0.19089302974102934
id15412,0.06142400798049896,0.009199506545836405,0.929376485473664
id25032,0.2919092728079979,0.12969705801434311,0.5783936691776582
id27165,0.9999566581167644,1.0712166517442964e-05,3.26297167237271e-05
id03327,0.7627655816397636,0.22527985799624164,0.011954560363995843
id18515,0.9949542689660336,0.00022339778293148745,0.0048223332510367615
id21003,0.025738707128535546,0.0014891258456684766,0.9727721670257929
id23855,0.0002519698074917107,0.9086891639410438,0.09105886625146481
id20724,0.7088052937502098,0.20245274053346565,0.08874196571632374
id13303,0.3221611188470086,0.029198827288804123,0.6486400538641929
id16521,8.638027218913371e-06,0.008883731367678038,0.991107630605101
id20775,0.9999994274095277,5.715497396001007e-07,1.040719151889357e-09
id13029,0.9999452949355165,1.967128022852858e-05,3.503378425764857e-05
id14660,0.8501461878287724,0.13192639291713487,0.017927419254090728
id11028,0.0007528421129186204,2.4815601372646226e-05,0.9992223422857079
id14180,0.9868769910764119,0.012227407417925011,0.000895601505665232
id25860,0.9999999959565287,3.893733575234913e-09,1.4974320433192318e-10
id11910,0.4000389272372039,0.006813127671016272,0.593147945091777
id08065,0.15231154330565855,0.09337892777446499,0.7543095289198763
id22674,0.0003137470127433474,3.5583318716140175e-06,0.9996826946553835
id25018,0.04777031754115469,0.002674282249230561,0.9495554002096143
id10892,0.00033646437287550307,0.9996473233916449,1.621223547672573e-05
id10217,0.03318554743707941,0.9667828395482032,3.161301471532116e-05
id12996,0.09852705613858001,0.3382509748004917,0.5632219690609278
id18262,0.7938050319873836,0.013644440059258158,0.19255052795336136
id08606,2.9288669658196415e-06,0.9999924581675724,4.612965463675237e-06
id17233,0.8221657103992704,0.04058813389109834,0.1372461557096318
id00101,0.738778013020497,0.05154016336646833,0.20968182361303297
id12225,0.85039502273387,0.12594521982539428,0.023659757440737013
id01364,0.023647061193228548,0.9742015103749093,0.0021514284318573935
id24973,0.4874603731064781,0.027089631343940927,0.4854499955495811
id25363,0.9251513634935828,5.5852877247299204e-08,0.07484858065353822
id10061,0.740754448589326,0.004439224302077357,0.2548063271085988
id17673,0.0346262670632694,0.9635806761680803,0.0017930567686559721
id13249,0.45767294168250683,0.06100405803967087,0.48132300027782376
id10107,0.0002848923979295233,3.033716712700383e-05,0.9996847704349487
id04403,0.9836826447320373,1.3925288737829837e-06,0.016315962739078125
id25728,0.9179840250219542,0.004666534886777473,0.07734944009126943
id16184,0.29714957454529173,0.05658229535011388,0.6462681301045952
id03438,1.669165830395219e-05,8.81297785717619e-09,0.9999832995287112
id22923,0.03278281174623975,0.9670342093225616,0.00018297893119850273
id08610,0.9990844436290895,5.0577382940804663e-05,0.0008649789879643559
id25355,0.01757594323026896,0.0019387746076416107,0.9804852821620962
id16916,0.46454728447710203,0.5077255773987676,0.027727138124129337
id12793,0.017480860236733047,0.9816960011139025,0.0008231386493672777
id11859,0.22793972282942415,0.19234997032570192,0.5797103068448739
id02434,0.9999999995020517,4.848672962396586e-10,1.306887697232538e-11
id27703,0.0017488626045431106,0.0001793765964443107,0.9980717607990127
id25212,0.10115811210883771,0.8986839769002926,0.00015791099088377112
id11308,0.03729068197115891,0.18956111590139182,0.77314820212745
id26094,0.9697042131477192,0.026980538616846635,0.0033152482354274057
id22080,0.783167073801555,0.21418137852724,0.0026515476712041337
id03545,0.9932803818852931,0.006694906040333758,2.4712074378089926e-05
id23725,6.951335180000343e-05,0.00042206384792639465,0.999508422800269
id12009,0.8619000891604004,0.08388556278247114,0.05421434805712557
id24241,0.2303860796639277,0.15944839197726754,0.6101655283588051
id03596,0.006625313160766188,0.9933163678316531,5.831900757589057e-05
id10749,0.37810177010980767,0.6050098831941774,0.016888346696013187
id22794,5.94767597323512e-05,7.591096962793477e-05,0.9998646122706423
id15482,0.7733519288779946,0.06581222231363291,0.1608358488083758
id04833,0.9583381809458026,0.04099763860467899,0.0006641804495222692
id00397,4.132079855280616e-06,5.542759551936149e-14,0.9999958679200737
id14691,1.3552296314063557e-05,3.674858908152493e-07,0.9999860802178006
id05193,0.010703950393886915,0.00016941753109898542,0.9891266320750148
id19541,0.991158199074948,0.00028813422793926935,0.00855366669710402
id22166,5.051081292803099e-08,2.696414212638946e-08,0.9999999225250379
id20744,0.0005581574099295823,6.208502021296898e-05,0.9993797575698556
id10392,1.8159943676033185e-08,1.5139286677490289e-12,0.9999999818385562
id00770,0.9845917301407284,0.012065512526266716,0.0033427573330055394
id06018,0.02748908610346042,0.9641016560694964,0.008409257827046218
id15678,0.006895518009346525,1.7122931739861754e-05,0.9930873590589073
id08305,0.9399393173672635,0.05593530319152157,0.004125379441214551
id08903,0.31460466850865926,0.08639187604797832,0.5990034554433634
id14752,0.36299813143709314,0.6366971502623061,0.0003047183006043111
id12468,0.0001329238187593541,0.9998635675135611,3.5086676732272178e-06
id05085,0.6127199435312439,0.37696107527845074,0.010318981190307107
id21993,0.011360634791974656,0.00034953800257271774,0.9882898272054524
id15503,0.9560416206693562,0.04281088397223866,0.0011474953584027238
id03021,1.2674414926220873e-12,0.9999999999932356,5.507574265534407e-12
id16123,0.9999999885639853,1.1423595400226284e-08,1.2407097543368128e-11
id19383,0.9993343514269316,0.0006187445903633907,4.6903982705128035e-05
id04186,0.9999910123648608,7.226634782100957e-06,1.7610003568959664e-06
id17954,5.461006322082522e-07,2.3749360846898206e-13,0.9999994538991429
id12030,0.30150943815734366,0.006396086083016801,0.6920944757596408
id13020,0.7793229159798507,0.22042654497886496,0.0002505390412869576
id25327,3.562377320408337e-05,0.18509477162897597,0.8148696045978129
id16344,0.08584261845766755,0.05939373045575552,0.8547636510865767
id12303,0.07966773432067013,0.8256715649693098,0.09466070071001807
id15017,0.9994326962868757,0.0005664190783140809,8.846348115016404e-07
id22308,0.38672535615057446,0.03383643129613008,0.5794382125532941
id06536,6.932886619771044e-07,3.5113660758793506e-05,0.9999641930505772
id19797,0.014268383373558152,0.9619713027432627,0.023760313883182508
id06332,0.2648701948736672,0.7003096858785892,0.03482011924773924
id22941,0.3935702928218661,0.022730074875819826,0.5836996323023115
id13547,0.00622395720561971,0.0036174840018680463,0.9901585587925115
id06928,0.00019914947004660938,1.1096540699283365e-06,0.9997997408758792
id12521,0.5478430928126032,0.4509509752471776,0.001205931940215829
id25716,0.6373032055337917,0.0161804385365037,0.3465163559297047
id27116,2.7793905318528004e-08,6.408039176906704e-10,0.9999999715652881
id19941,0.00013516093509200768,0.9987834979928314,0.0010813410720769071
id05711,5.712502536905338e-06,6.093260908078908e-05,0.9999333548883815
id02097,1.0434363401099253e-06,0.0002368879330351874,0.9997620686306211
id03563,0.0006723118716092959,0.9993265088354357,1.1792929600803205e-06
id02295,0.24614088143692284,0.602857388346261,0.15100173021681482
id08179,1.0,3.7748903153726516e-14,8.797999540611872e-16
id05332,0.004018257270855065,0.9790988218479065,0.016882920881236493
id15697,0.8142110560304083,0.004592937534812815,0.18119600643478656
id17026,0.03533489822894072,0.00440435380979696,0.960260747961265
id04243,0.9938781708369,0.004536129571311698,0.0015856995917949398
id13175,1.0,4.048153503903261e-18,1.2760354107921717e-21
id05387,0.9964585809264394,4.31467676254806e-05,0.003498272305924211
id19989,0.9569898932015392,0.023682888615836138,0.019327218182623587
id25173,0.2826508425599914,0.002003452804765107,0.7153457046352487
id08925,0.003126055055877221,0.996569812263095,0.0003041326810321477
id03034,0.004361247238365466,0.9934429447201701,0.002195808041467737
id13272,5.321003049125569e-06,0.9999907171209361,3.961876014614985e-06
id07956,0.9979076641556649,0.0004376888998570782,0.001654646944474683
id02648,0.002081381188896581,0.001955714514984617,0.9959629042961186
id01778,0.023305002148776833,0.00010090330081986117,0.9765940945504
id12846,1.3417676751771983e-05,6.888315753051294e-10,0.9999865816344182
id19001,0.09590817237435002,0.0015796335976642263,0.9025121940279877
id05763,0.8824501730870832,0.019067933311734057,0.09848189360118459
id15590,2.4262201359437996e-05,5.09958292678359e-06,0.9999706382157079
id04912,0.6269332124138117,0.21382592090464514,0.15924086668154644
id21201,0.993984882745692,0.004821547373229055,0.00119356988107231
id13215,0.9878502462745125,0.0028345923957178412,0.00931516132977257
id15612,0.03685248883883133,0.953793366853484,0.009354144307681084
id18501,0.0032464571197541614,0.003171459649685398,0.9935820832305589
id07223,0.17548049619406836,0.630989127400192,0.19353037640573953
id06707,0.6089936365539454,0.26913081734411604,0.12187554610194043
id05238,7.942473852888995e-09,0.9999999912226372,8.349009749043029e-10
id00935,0.00047907141856797804,0.002310778202684741,0.9972101503787479
id00110,0.568052078670159,0.0010912540454061097,0.43085666728443095
id17476,0.9959638073010372,0.0019465469912126553,0.0020896457077544
id15170,0.9999959877724848,3.87359287573052e-06,1.386346289003084e-07
id13397,0.6402469554628019,0.028222582408724217,0.33153046212847
id24283,0.5342954416361714,0.09535278274846311,0.37035177561536553
id15234,0.9639752602339551,0.03528130667608681,0.000743433089955878
id16884,0.6642240440676039,0.3094520599798117,0.02632389595258135
id07831,0.17357449120671278,0.676193260112785,0.15023224868050278
id16038,0.8972917523964411,0.0926336107862754,0.010074636817283236
id03629,0.8910524843280712,0.033572593180515954,0.0753749224914141
id21019,0.725676894342558,0.21856173422539102,0.05576137143205119
id21835,0.1600424559071255,0.08524182999209662,0.7547157141007804
id04480,0.000935180579742494,0.999063200789718,1.6186305382126841e-06
id20838,0.6257775306532132,0.3103462855782377,0.0638761837685548
id24195,0.25731337357236145,0.3738688660379642,0.36881776038967273
id05448,0.9718585150919951,0.0139306321953466,0.014210852712664908
id15957,0.0222546377342393,0.9767646781883509,0.0009806840774079324
id19956,0.00018079795528233854,1.0438002061483617e-07,0.9998190976646981
id15104,0.0013730437289256132,0.027067842380205605,0.9715591138908646
id17559,0.6009703826599577,0.3083580826128697,0.09067153472717375
id16839,0.18073887419749488,0.06533334421264038,0.7539277815898692
id14493,0.5259715525162041,0.016018211231936884,0.4580102362518598
id08833,0.8987011331980431,0.008660530576126826,0.09263833622582512
id15723,0.14740580864347563,0.18023754405043257,0.672356647306092
id02716,0.9997673766357934,0.00023109454977723745,1.528814426497982e-06
id06689,0.0011820987130944794,0.9982826597879488,0.0005352414989616768
id18837,0.5470116581611707,0.08182795723304068,0.37116038460578904
id04466,0.9983194704185949,0.0006421148004976493,0.0010384147809050723
id00686,0.9994684358638019,3.2028977478272036e-05,0.000499535158716967
id09010,0.049347508575414076,0.9499026075027088,0.0007498839218730859
id23353,0.7244532312991374,0.07576136936303005,0.19978539933783315
id00066,0.7861361731287261,0.19878231134884522,0.015081515522426607
id15724,0.020779124010310363,0.9675088294013788,0.011712046588308414
id23486,0.08995310045742959,0.0019476915113609326,0.9080992080312108
id22258,0.006728858732678692,0.00226877205777859,0.991002369209543
id02292,0.6711613770259991,0.21908649678102035,0.10975212619298057
id16356,0.07357582257022245,0.000631552278008434,0.9257926251517573
id00235,0.9569478079882711,0.0014894226884992823,0.0415627693232287
id25522,0.020258860630909505,1.700021752964831e-05,0.979724139151554
id04204,0.018355195945619802,0.9778841286926018,0.003760675361775242
id22016,0.7103124113176388,0.0841589617968419,0.2055286268855187
id06480,0.002285618200225322,0.9973986547972246,0.0003157270025543748
id08718,0.02235027178588026,0.007844150809303474,0.9698055774048169
id05251,6.060437144039338e-06,0.9999859604665062,7.979096344700785e-06
id03359,0.8201232118723717,0.11361116603155053,0.06626562209607463
id16117,0.000363477542301283,2.8960211347471124e-06,0.9996336264365571
id17000,1.7037831276960617e-05,0.999981798556511,1.1636122154385076e-06
id01730,0.014305160043779677,0.9855994207083536,9.541924787107786e-05
id00630,0.490378300841096,0.47523601317986386,0.03438568597903857
id18175,0.016519888250830266,0.0005198276951925806,0.9829602840539757
id00907,0.9956392417996834,0.0009492110554312493,0.0034115471448844244
id18251,0.00017484988256638435,0.9998241500961818,1.0000212467555358e-06
id25861,0.5567925138259353,0.13380246319792719,0.30940502297613426
id00398,0.6917893010309674,0.09164176469182579,0.21656893427720886
id27573,0.999952350326813,2.451432670225668e-07,4.74045299162026e-05
id10022,1.319396252463038e-05,0.9915854723496,0.008401333687877629
id15901,0.0005589650344084727,3.840299071426784e-07,0.9994406509356902
id00451,0.016453973624336607,0.0007749542821161578,0.9827710720935435
id23129,0.005636440724873137,0.9919749212083054,0.0023886380668143373
id26498,0.23260372368826476,0.7592678144939065,0.008128461817828846
id14741,0.05765121056580145,0.39233071177531204,0.5500180776588858
id18453,0.011050078823235988,0.0001881949628913675,0.9887617262138698
id08309,0.9859525167190026,0.002580079296126881,0.011467403984867395
id00320,0.9999979531452454,7.317987989002073e-09,2.0395367739183248e-06
id07688,0.033199330527987646,0.004686394556317082,0.9621142749156936
id01556,0.05079237028311604,0.000654314987681508,0.9485533147291962
id00178,0.18283854176536507,3.306626276076107e-05,0.8171283919718803
id18902,0.049384683489597056,0.02053929395182117,0.9300760225585791
id27002,0.5568707672782642,0.32866378933082174,0.11446544339091545
id21418,0.9999970050405778,2.8821448770233014e-06,1.1281453840616323e-07
id23018,0.49675497489568216,0.07498914966594294,0.4282558754383781
id07032,0.4811589818397392,0.40672602454684564,0.112114993613416
id16195,0.3757265098794976,0.001465639522915354,0.622807850597592
id11202,0.012227169692890035,0.9792286120558303,0.008544218251278666
id09578,0.5923655494395573,0.05893919685155898,0.3486952537088832
id26984,0.7874108064466008,0.003882621627312242,0.20870657192608866
id19856,0.0006329827662561784,0.9990831777595305,0.00028383947421695594
id12086,0.3892030002281306,0.026845745944479797,0.5839512538273883
id12052,0.012218942041559561,0.010333611684722037,0.9774474462737175
id17728,6.094909360589637e-06,7.697735317582984e-08,0.9999938281132793
id24608,0.9681924269613933,0.004506813651992514,0.02730075938661296
id21097,0.037149102272404186,0.00167388141487688,0.9611770163127203
id20179,1.6216356991348454e-08,4.511161179776281e-13,0.999999983783198
id15144,0.4680316797402942,0.4044019699092364,0.12756635035046798
id00206,0.9724464991050965,0.003636406940696933,0.023917093954208466
id22285,0.00026894414963879595,2.270775611639984e-05,0.999708348094246
id06417,0.03555502825593308,0.4324020815423731,0.5320428902016923
id00215,0.0006991312436902953,0.9992988205262266,2.0482300818351634e-06
id04201,0.16207074244343886,0.0009807942403952086,0.8369484633161676
id21771,0.9767771684902472,0.018594079626375,0.004628751883378774
id12451,0.005016836951634579,0.6539114181945438,0.34107174485381686
id14250,0.009514833310989849,0.9249153265555747,0.06556984013343395
id03433,0.00043852360295681026,0.9991524758199668,0.0004090005770702258
id03303,0.023790967393371994,0.0007436484841104776,0.9754653841225207
id25901,0.43094527054991233,0.2732830590827058,0.2957716703673852
id06945,0.1911742585889373,0.00597015932861334,0.8028555820824441
id05664,0.21137917127379474,0.496839866763225,0.29178096196298187
id05741,0.9999998129034287,5.560068219305986e-10,1.8654057027364744e-07
id10652,0.17890808597774285,0.1841255154624437,0.6369663985598131
id16300,0.9998354955577009,5.068447023174666e-05,0.0001138199720599954
id12319,0.36555641255661886,0.10413433937670914,0.5303092480666745
id07500,0.010695457326871669,0.9893045372438536,5.429261796568136e-09
id12478,0.26861495242580147,0.3908387224006624,0.3405463251735358
id03076,0.02590024389475644,8.72818731102364e-05,0.9740124742321332
id00969,0.2393183137720696,0.725689250270029,0.03499243595789686
id23636,0.013934418546162262,0.9674350571414216,0.01863052431241473
id09791,0.01944477448760585,0.003955235380841021,0.976599990131548
id05680,0.00020996563826000423,0.06117812747951538,0.9386119068822333
id03672,0.021028390165063807,0.7494830017529808,0.22948860808194751
id04286,0.0005551380441586139,0.9930447136597796,0.006400148296066521
id23883,1.134625336622857e-05,0.17152444954543775,0.8284642042011832
id11914,0.8615157915097051,0.015013837334344946,0.12347037115594797
id20974,0.002166492012337686,0.9977256295530642,0.000107878434592016
id26125,0.000175229713978423,0.00013802817480246333,0.9996867421112144
id15543,0.40671928051870865,0.0030025891518212305,0.5902781303294706
id19471,0.9999830063018444,3.973094322018836e-07,1.6596388729233016e-05
id11503,0.9256711562480843,0.06484483903599357,0.009484004715922653
id09321,0.003963946569602051,0.976755831946709,0.01928022148369537
id25560,4.063596845399333e-09,2.6634926987290766e-09,0.9999999932729224
id06726,0.21350770166865163,0.10929520363407687,0.6771970946972713
id05709,0.9934795508710517,0.0010733198788080538,0.005447129250143682
id09788,0.06976826603064247,0.7892829239466078,0.14094881002274987
id05289,0.9999999988220338,1.162951081362473e-09,1.501745545478783e-11
id11815,0.0012923809256033402,0.998096171266865,0.0006114478075346301
id22422,0.5725425827422392,0.226364016547689,0.20109340071007142
id25954,0.9688605931418777,3.9843192968772015e-05,0.031099563665150747
id13601,0.39544063946378816,0.48192854193418616,0.12263081860202628
id05677,0.8149836776803523,0.00022977892588709348,0.18478654339376485
id10498,0.0004096274352744959,0.9995891982868353,1.1742778765128333e-06
id02665,0.14806973107963414,0.8360788184023514,0.015851450518016043
id10114,0.0005687386445946182,0.9588772624786582,0.0405539988767458
id26314,0.9113099042875142,0.07631734459279989,0.012372751119691997
id21240,0.21731383911567362,0.11099854781262208,0.6716876130717032
id15569,0.9964719309217251,0.0033198646970619776,0.00020820438121079983
id25928,0.15355200058832186,0.013889529834115025,0.8325584695775672
id22706,0.010957749600901909,0.9890379920043957,4.258394707774856e-06
id20877,1.5801735700221467e-05,0.9974914993529024,0.002492698911394642
id04318,0.787191158540346,0.030271097862989753,0.1825377435966675
id18299,0.018203089443341522,0.9591157033497916,0.022681207206864527
id08126,0.0001963009446276043,1.0177621463118311e-08,0.9998036888777451
id14293,0.3927583856575539,3.3405986871274813e-05,0.6072082083555805
id12759,0.9996876099474397,0.00018662434987393972,0.00012576570268594815
id11983,0.8723381878865488,0.006737824791487564,0.12092398732196899
id05580,0.12337228418112393,0.8415030700342052,0.035124645784669756
id25846,0.41922418079039114,0.25151925473518194,0.32925656447442875
id01939,0.31515064198537246,0.03669146079577308,0.6481578972188573
id26327,0.05693795883610971,0.5028819128513669,0.44018012831252223
id11068,0.00595305513148814,0.0004843295358756998,0.9935626153326428
id08404,0.9957403462588299,0.00015750250687079456,0.004102151234298513
id27189,0.8651474910120224,0.1346101326758922,0.00024237631208189034
id15119,0.007746268393254296,0.9685171664263733,0.023736565180374793
id26525,0.9914330291970838,0.0009473664670646354,0.007619604335854276
id03618,0.5534332696259432,0.3949390143550634,0.05162771601899413
id27220,0.9998670919027093,5.913756820980593e-05,7.377052908081434e-05
id18777,0.04222492579570657,0.007215688572707709,0.9505593856315864
id20213,0.8920405697433075,0.03265729009865838,0.07530214015803106
id20403,0.9020382573164237,0.09729094306479154,0.0006707996187854697
id03777,0.022524408188699184,0.00011392335489209615,0.977361668456408
id10595,0.0015875447685084901,0.9982087794463766,0.00020367578512092737
id13816,0.07950939996011584,0.0002036691843565454,0.9202869308555331
id05667,0.0016650910347825898,0.003243039959487463,0.9950918690057259
id24629,0.1736917369546832,0.06119607103643692,0.7651121920088787
id20398,0.04539274308233464,0.17480083097448953,0.779806425943179
id14108,9.829343262561068e-06,2.052837897889911e-06,0.9999881178188387
id06196,5.080069921915571e-06,0.9999936238031276,1.296126943917435e-06
id02800,0.08937215994229401,0.8985812895055557,0.012046550552147095
id18732,2.9042719996005772e-05,0.999957378898277,1.3578381732716927e-05
id11915,0.03004237962215011,0.932255939963493,0.03770168041435234
id09739,0.5099308853386313,0.03090768139301437,0.45916143326835485
id24672,0.998292267012751,0.0017025793837351943,5.153603506875884e-06
id00414,1.6197869472908856e-07,2.2725143222035248e-05,0.9999771128780789
id16307,0.9825107749013534,0.006990383246848066,0.010498841851804972
id14043,0.1736296734694421,0.020954207816634235,0.8054161187139262
id00517,5.6392611108387554e-14,3.789821440380583e-16,0.9999999999999432
id09744,0.9992511253094785,0.000748721442700587,1.5324781447477204e-07
id19257,0.9617929844438444,0.018234723665268307,0.019972291890890177
id15437,0.12164646241342665,0.8724956162229468,0.005857921363627296
id16352,0.019471227345114746,0.0032956223636610086,0.9772331502912257
id18849,0.3450254163781251,0.4558788784037653,0.19909570521811037
id19434,1.1221410538774783e-08,0.9999999759509709,1.2827613046210827e-08
id17928,0.009730767014677509,0.0009610786403308172,0.9893081543449915
id16896,0.011859227364704576,8.658461760142262e-05,0.9880541880176916
id02135,0.3175668168835098,0.32950440015714355,0.35292878295934305
id15075,0.9898735077794377,0.006723065389997086,0.0034034268305687047
id27486,2.081249977700758e-07,0.9999992885458626,5.033291343276972e-07
id19422,0.9928151133594498,0.00579690385923232,0.0013879827813200218
id09603,0.010338015895561705,0.9470984782047315,0.0425635058997092
id02133,0.04017291862744451,0.9038358547205464,0.05599122665200736
id03441,0.10545337163463328,0.004309278964732921,0.890237349400635
id02398,7.696655513730781e-05,0.9999228784153362,1.5502952998645655e-07
id05152,0.5253764842766604,0.0012164907603482939,0.4734070249629914
id17838,0.05294806363497589,0.009769142884011716,0.9372827934810118
id25060,0.9999984472726855,1.4986187575935159e-06,5.410855654106088e-08
id09998,0.011717351177555234,0.002924253863587127,0.9853583949588636
id01828,0.0019472140002851051,0.9944851444277857,0.003567641571928225
id25377,0.3079744695908651,0.007726976176123953,0.6842985542330097
id22175,0.0062938349705952985,0.9929732293797217,0.0007329356496815795
id02974,0.05228555442289909,0.0008403970697629892,0.9468740485073311
id26955,0.999312820517158,0.0006492989679631698,3.7880514878644463e-05
id21091,0.9963790606571364,0.0014697369103403354,0.002151202432528329
id12802,0.9947626178552904,0.004809621676276106,0.0004277604684358777
id07432,1.5121870755138366e-10,0.9999999988683044,9.804678878184684e-10
id18749,0.02746285815655254,0.5775113442237402,0.39502579761970374
id15030,6.36424175721167e-05,0.0003721716681954328,0.9995641859142362
id17155,0.001457071467793715,0.9985296119910465,1.3316541168855272e-05
id08128,4.023804719608426e-06,0.9983638931323902,0.0016320830628943608
id25706,1.9794945291513735e-07,0.9997216740795012,0.0002781279710350095
id15645,0.8111206819809145,0.1637274398119375,0.02515187820714574
id04943,0.987353810269586,0.0028957932886593068,0.009750396441755464
id27566,6.828085454678246e-05,1.1051809621319953e-06,0.9999306139644979
id11765,0.1646207025062509,0.3228268155820589,0.5125524819116776
id13783,0.25591010850758633,0.42593967340596,0.31815021808645483
id00492,8.871196391394325e-05,0.00010729431284571791,0.9998039937232345
id27636,0.0004100438380121631,3.8781922778337975e-05,0.9995511742392147
id04273,0.9985101081416624,0.0011752809959938916,0.0003146108623513167
id02537,0.2306747043490523,0.38566372947781824,0.3836615661731291
id24349,0.986366396707553,0.013596432806298922,3.717048615304e-05
id00023,6.287692924280871e-07,0.9998314725288044,0.00016789870190118898
id23025,0.5308978952893431,0.46443272203597574,0.004669382674679722
id08722,0.9111768668944532,0.010053953465486841,0.07876917964006043
id02420,0.9999996212455506,3.785847421566656e-07,1.6969860428798832e-10
id10811,0.9837999495064647,0.0009002056363151103,0.01529984485721927
id04019,3.407657235819327e-05,7.009958679541818e-06,0.9999589134689653
id18334,0.9945475770285198,0.004973530463245201,0.0004788925082362391
id16781,0.33965583401830457,0.6036445774513953,0.056699588530300396
id08773,0.26031490346668695,0.7394394218009733,0.0002456747323459567
id19214,0.8514780246960392,0.0804278536507123,0.06809412165324767
id09589,1.4935918799395206e-05,0.9981207461514263,0.0018643179297754202
id24246,0.7179732042593594,0.003143075229618459,0.2788837205110128
id23577,0.8452773899299046,0.15402326331682942,0.0006993467532634074
id09305,0.5217444628224828,0.13177626908268686,0.3464792680948308
id16460,0.6692635252314009,0.011678401424100445,0.31905807334449854
id21115,0.2644130573600609,0.4361352056350656,0.29945173700487415
id25996,0.5911548945035203,0.09016630049133317,0.31867880500514584
id02551,1.6179646519909144e-05,0.00030782957160989133,0.9996759907818653
id19352,0.00022778245061317212,4.409239036594237e-08,0.9997721734570024
id03806,0.0174469015123671,0.000654586129264466,0.9818985123583672
id26544,0.6155922367944832,0.1614123079957462,0.22299545520976988
id18761,0.9987043738826247,0.0006679815388946368,0.0006276445784803812
id24148,0.005799063754272392,0.9941085674759185,9.2368769804188e-05
id16095,0.010824242543751054,0.9529193370998442,0.03625642035639921
id18442,0.9333867124956202,0.004133440574217061,0.062479846930156874
id22596,1.7439636329227787e-10,1.6462897532284774e-13,0.9999999998254339
id23002,0.0008479516449774096,0.00028778933885887726,0.9988642590161669
id04797,0.9999262898720577,2.6007720040368726e-05,4.770240790485383e-05
id06610,0.010670738638919784,6.12001158602259e-05,0.9892680612452204
id16173,0.32254951122514036,0.515918525515874,0.16153196325898583
id18292,0.0049818056482307865,0.0003490956049509687,0.994669098746813
id27328,0.9996581667065535,2.8638418823466887e-05,0.00031319487462304
id01695,0.033767964208304364,0.9627352895072353,0.0034967462844618744
id05761,0.9335765758906368,0.000277454524502549,0.06614596958486636
id16354,0.997482636971417,0.0004236311724004778,0.00209373185618676
id12207,0.005313409743337152,0.6821124084883095,0.312574181768351
id05665,0.02440539912114247,2.637297441969831e-05,0.9755682279044423
id01911,0.9385013429803615,0.058389084838470606,0.0031095721811692486
id19153,0.00047708839117444984,8.104838952236079e-05,0.9994418632193075
id10295,0.6250006221642106,0.36636361511785487,0.008635762717940273
id23038,0.47846748025720093,0.4349065462075029,0.08662597353529826
id23783,0.28549613457848727,0.7143603327502125,0.00014353267130291048
id27879,0.7043448057047349,0.29507178693275465,0.0005834073625079075
id19190,0.000148804042672168,0.9998506035200317,5.924373002330296e-07
id05065,0.9990353782673562,0.0003130144185783935,0.0006516073140619046
id21296,0.001092740296647574,0.9806949585236218,0.01821230117972508
id13262,0.40403279000267633,0.1314108085608506,0.4645564014364755
id10333,0.9978006242306017,4.54442056174343e-06,0.002194831348844946
id16677,0.00028052695441123544,0.08836168504136822,0.911357788004206
id01392,0.1599185267545391,0.004288784407750542,0.8357926888377111
id27874,0.3538127626993733,0.2970491596162178,0.34913807768440863
id02294,0.001255560105249118,0.9862740785637116,0.01247036133104051
id18298,0.0007670554826892678,0.0022972013074153822,0.9969357432098902
id06997,0.999186482704423,4.432356125882276e-05,0.0007691937343152574
id05243,0.32599508664218696,0.1597630521754272,0.5142418611823862
id00860,0.00036367272321833786,0.9772311157727404,0.022405211504046667
id26681,0.9999867498211654,1.3074093011476978e-05,1.7608581918417925e-07
id06020,1.6987755017248924e-10,3.4497862292982354e-17,0.9999999998301234
id27683,0.4338156382155643,0.22064417406601214,0.3455401877184224
id17655,3.2229671765148393e-07,0.9999996774093015,2.93985660193127e-10
id08817,0.004876375833933205,0.0002974449275636011,0.9948261792384971
id11512,6.9643564240466165e-06,7.739694766345651e-05,0.9999156386959138
id00478,0.03904994012619036,0.002191507262223422,0.95875855261159
id02116,0.9684300918224635,0.00642287639929195,0.025147031778248674
id06746,0.9955365446810578,0.0031598491536748625,0.001303606165262519
id03863,0.38341683617079286,0.5494563712238064,0.06712679260539997
id01802,0.004580750626748651,0.9809621633124382,0.014457086060809962
id11682,0.7845780314945194,0.00040759735481171874,0.21501437115066305
id04033,5.854110885735968e-05,0.9958628726666009,0.004078586224530602
id09286,0.2185241986865869,0.25759073468511345,0.5238850666283059
id12904,0.9999756332929989,2.4246963937958457e-05,1.1974305653134118e-07
id07420,1.696687156894578e-06,5.212764165118402e-07,0.999997782036432
id22398,8.237348420409924e-12,0.9999999995052065,4.865573381869556e-10
id00424,0.04147608074849086,0.002458305080955345,0.9560656141705551
id20960,0.9985623519220977,0.001374058215442742,6.358986245688564e-05
id10267,0.44874272451826913,0.3514979874978367,0.19975928798389272
id19330,0.1726007780856,1.4536446311294443e-05,0.8273846854680839
id00994,1.9620777254359597e-05,0.9999702391647485,1.0140058001255174e-05
id10785,0.9344641063111341,0.02341675491743547,0.042119138771431176
id00955,0.001252875418420729,0.9972622085459907,0.001484916035588561
id09757,0.00017861344389959622,0.9998192751421575,2.111413944505816e-06
id10030,0.0887885109642239,0.029354213434273926,0.8818572756015035
id22952,0.014103102511581303,0.04096774723684481,0.9449291502515725
id21955,2.4789222307716378e-06,7.990261011426263e-06,0.9999895308167533
id07674,0.3304649753741523,0.24714171382819203,0.42239331079765224
id13760,0.0011113927323012055,0.9988798140124443,8.793255268259074e-06
id18166,0.9828788857145174,0.00014004044905609525,0.01698107383642045
id23498,0.9632463816698359,0.03670632649150345,4.729183865648108e-05
id05296,0.9967980261379948,7.605174028001095e-05,0.0031259221217237844
id26709,0.9911991110319766,0.003870289377756593,0.004930599590253522
id02853,0.9895221088033095,0.009395045807026626,0.0010828453896639622
id06800,0.13616828585008353,0.10578953212271897,0.7580421820271994
id14758,0.0554455788281448,0.886822169324157,0.05773225184769628
id12356,0.9953042083404049,0.004128667909773198,0.000567123749828705
id21492,0.7505830584284027,0.21243986342652146,0.036977078145073956
id27540,0.4510283574374834,5.97441707069316e-08,0.548971582818354
id07376,0.07765519017406672,0.889377973191179,0.03296683663475851
id15201,0.9278879804814741,0.07147348960180035,0.0006385299167234803
id23388,0.0001542481775560476,0.9995142150737337,0.0003315367487045112
id13923,0.01044654104863978,0.9876918924823577,0.00186156646899882
id00794,0.00016365621583272675,0.9998235911757692,1.2752608387636052e-05
id23910,0.3973867619858997,0.08907974884722478,0.5135334891668798
id02556,0.019625177996061588,0.05854627845175628,0.9218285435521824
id22151,1.4852295459636703e-05,0.9999844595488598,6.881556769703884e-07
id11698,0.010690363410374305,0.9679189070079697,0.021390729581655752
id11627,0.7730531294948114,0.01935336247668365,0.20759350802850401
id06340,0.9999998151877805,1.2025860915787546e-07,6.455360867285071e-08
id05123,0.8357328239279785,0.08021384718921715,0.08405332888280487
id26620,1.816223273624853e-05,3.8099998017704976e-07,0.9999814567672779
id04002,0.00867388552137084,0.04505110062664279,0.9462750138519836
id26554,0.39120929175810387,0.23318101595068466,0.37560969229121094
id18012,0.017504309209593668,0.007440907350897359,0.9750547834395055
id12964,0.0909017853002962,0.010770190347879727,0.898328024351823
id18965,0.0017607382212895672,0.963744555172853,0.03449470660585607
id19082,0.003412583985227659,0.0001153609557473758,0.9964720550590319
id26742,2.2915370088713666e-05,2.5641996784882008e-08,0.9999770589879158
id15442,0.09255697782656312,0.8841740690206641,0.02326895315277519
id16647,0.43366165821081887,0.14227010728990092,0.42406823449928027
id11544,0.06310592318240581,0.003073194014892337,0.9338208828027005
id20581,0.3265331377289666,0.08096590972891853,0.592500952542115
id13192,0.27935183125725777,0.43861196091789584,0.28203620782484945
id15814,0.29288731002190943,0.1020964503540683,0.6050162396240242
id26279,0.017660416767667178,0.9818887364177309,0.0004508468146021493
id00240,0.990237100458141,0.005564220171232566,0.004198679370626146
id22836,0.9999988401268828,5.967161107666293e-07,5.63156998880498e-07
id15085,0.010541258690750588,0.6476037373153485,0.3418550039938979
id17495,0.36638752344746295,0.003785335458289697,0.6298271410942471
id26762,0.7860459281194926,0.11637961707300888,0.09757445480749569
id13685,0.9995105894717716,2.585295684382904e-06,0.00048682523254392224
id16560,0.00027197902686690436,0.9996982639611064,2.9757012026701476e-05
id17184,1.644212887423859e-06,0.9999738411912276,2.4514595888030582e-05
id21635,0.9999981506730411,8.073240856631456e-07,1.0420028662462545e-06
id26751,0.06638781564936674,0.7997851298108475,0.13382705453978655
id12351,0.9991948099108499,2.1753204443302335e-05,0.00078343688471177
id14872,0.4445085631108471,0.28311289324348177,0.2723785436456716
id18372,0.9479484580150368,0.04992944184054451,0.0021221001444182114
id26851,0.7866799425563779,0.1605438013557897,0.05277625608783571
id22659,0.2921939817834008,0.7077931123970346,1.2905819569597876e-05
id04102,7.779271172517883e-07,2.3696025845681923e-09,0.9999992197032757
id02353,0.0014828085109482054,0.9984609653159089,5.622617315105886e-05
id26721,0.99999367579581,5.95581103715794e-06,3.68393163510527e-07
id11171,0.8707547308894478,0.052875677746830156,0.07636959136372144
id13562,0.3505378495879559,0.38493414907334067,0.2645280013387038
id26425,0.9196057817211917,0.008572494691797734,0.07182172358701064
id26394,0.3728967211986833,0.02351906950036811,0.6035842093009492
id22187,0.13774553105752804,0.8091339553157666,0.0531205136267036
id00422,0.999999400438876,1.2464511091870738e-10,5.994364647753462e-07
id22667,2.2590771056557445e-08,0.9999999774086066,6.167693637004152e-13
id00911,0.6917369647187545,0.2150726719436046,0.09319036333764015
id17291,0.09886261959487477,0.01032903529701093,0.8908083451081192
id01915,0.03032211624326345,0.005248202872102372,0.9644296808846319
id01434,0.028081398762537856,0.018339298052508717,0.9535793031849535
id01584,0.49263302947811183,0.055715997773574,0.45165097274831484
id09266,0.9975173847877666,4.340554369173224e-05,0.002439209668546853
id17494,8.208955360845367e-05,0.9999000344875528,1.7875958839595606e-05
id24919,0.060636338687869745,0.2806562258722188,0.6587074354399122
id21043,2.3432974785457714e-05,1.7430382861024556e-12,0.9999765670234552
id17796,9.491596199508392e-05,0.9999008010602812,4.282977711757888e-06
id02166,0.11363647607803941,1.857834282098647e-06,0.8863616660876836
id17503,0.9944895498327098,7.345836350405946e-06,0.005503104330934311
id21203,0.18876312553309352,0.15028190411381895,0.660954970353087
id25626,0.9999999646106807,1.1019766715116684e-09,3.428734798893609e-08
id09836,0.9998358021751002,0.00014783531672845366,1.6362508170103782e-05
id24202,0.0012290456248561258,0.002672404763769627,0.9960985496113774
id27260,0.5595067192490694,0.17757494717212663,0.2629183335788057
id23167,6.037680599167836e-06,5.492891089659689e-07,0.9999934130303045
id10393,0.005951280940498655,0.9901980390514061,0.0038506800080960082
id01171,0.4130322177120434,0.5571352343616367,0.029832547926319182
id06380,0.997955896585524,0.0013206413190383313,0.0007234620954422642
id22686,0.08325318061380677,7.473982000947439e-05,0.9166720795661772
id26250,0.05955551202271829,0.0033357172951166193,0.9371087706821651
id09315,0.30836959257621765,0.6025461519677848,0.08908425545600088
id00886,0.09357572678972574,0.7404416729938248,0.16598260021645073
id03101,0.9772084661678004,0.006534368102088678,0.016257165730116
id12367,0.4714159737230986,0.0674563186487316,0.4611277076281667
id10770,0.6449897901730978,0.01233751297866255,0.34267269684824175
id14949,0.0002497173764427766,0.9997488485154477,1.4341081077709127e-06
id14141,0.02160849120778901,0.9782117746068805,0.0001797341853381176
id25417,0.20586850001838403,0.7501597021802897,0.04397179780132618
id26873,0.3805743426974795,0.007061549515531194,0.6123641077869753
id10818,0.11322209286566953,0.002969133811822921,0.8838087733225057
id15146,0.7276103147955697,0.012313642740253079,0.26007604246417704
id23328,0.9691494185041345,0.029056630113804768,0.0017939513820554164
id16765,0.0843444101258745,0.7986395268053618,0.11701606306875306
id24383,0.998823062790172,1.8483511690703852e-05,0.0011584536981417786
id21304,0.9615531544978608,0.006503555206042879,0.031943290296100414
id12551,3.6287901848737135e-05,0.9999631654480762,5.466500645321752e-07
id23274,0.008411974612158167,0.007694568512633183,0.9838934568752087
id08117,0.4142324658839969,0.04941442974318848,0.536353104372818
id23961,0.999783574605489,7.373905822338276e-05,0.00014268633629237204
id13865,0.0003442022750215721,0.9995949977191335,6.0800005840550585e-05
id22807,0.07935440163162606,0.0011199791278687895,0.9195256192404982
