EAP,HPL,MWS,id
0.24711708945875713,0.11671974596424632,0.6361631645769965,id02310
0.7324688378278484,0.1576394241589856,0.10989173801316461,id24541
0.49523993159138,0.4005219151294609,0.10423815327915792,id00134
0.6220444472044387,0.30691519589969246,0.07104035689586818,id27757
0.7533933635231767,0.14570481326798326,0.10090182320884074,id04081
0.501962011289628,0.35958091566535033,0.1384570730450212,id27337
0.5681913302790527,0.2980403829106982,0.13376828681024955,id24265
0.17822197604703843,0.2518359372384914,0.56994208671447,id25917
0.8499500461580325,0.10304747190273969,0.04700248193922624,id04951
0.6042465381464368,0.14847467535357145,0.24727878649999174,id14549
0.2557198711925362,0.2767918088531068,0.46748831995435747,id22505
0.09353526363887112,0.8764415724082403,0.030023163952890043,id24002
0.2964697823332457,0.409956591411213,0.2935736262555417,id18982
0.19217511186074573,0.7259405050240766,0.08188438311517716,id15181
0.41524035957095345,0.2423309954037589,0.3424286450252876,id21888
0.05845054650267536,0.022732554390431824,0.9188168991068932,id12035
0.4682983384386834,0.1753455295537391,0.35635613200757665,id17991
0.9208350452750582,0.02801021795000626,0.051154736774934526,id10707
0.3419846578637586,0.2781697740210263,0.3798455681152145,id07101
0.3412466724863816,0.5306798628136838,0.12807346469993594,id00345
0.7515123004436766,0.10105706016116961,0.14743063939515313,id05912
0.5487562949229516,0.17628659561383334,0.2749571094632158,id13443
0.281690808086519,0.2011198713033415,0.5171893206101404,id09248
0.182244076479858,0.7207841179914122,0.09697180552873048,id17542
0.19901850714092081,0.04841702371780291,0.7525644691412767,id06995
0.5878587586377051,0.15761706060505828,0.254524180757236,id25159
0.5099769647094587,0.32366706328328804,0.16635597200725347,id25729
0.7122378827615865,0.15167855862601629,0.13608355861239657,id26949
0.39782119657970544,0.14291068446886962,0.4592681189514232,id27191
0.4541098051349194,0.047028411293779986,0.4988617835713009,id07668
0.3156182944123299,0.23530351310815759,0.44907819247951275,id02230
0.7445491429599124,0.10545754134605172,0.14999331569403465,id15553
0.18662132163072323,0.6361087390743316,0.17726993929494353,id25688
0.7901439054330942,0.08070808376341919,0.12914801080348834,id17545
0.30354487949339626,0.3878342874415071,0.3086208330650961,id13929
0.43053987103811275,0.3386231265801642,0.23083700238172322,id12880
0.3956202428139081,0.18337144725753757,0.4210083099285542,id19282
0.12343893515456253,0.04346886399353263,0.8330922008519052,id14690
0.166330070729031,0.6456267068761137,0.18804322239485421,id17975
0.5693100571950218,0.062205206269666066,0.36848473653531316,id08037
0.23899136929264597,0.11179049719585625,0.6492181335114963,id15412
0.3188747317580617,0.21865645717744328,0.46246881106449533,id25032
0.8978828923851908,0.050938079295962314,0.05117902831884794,id27165
0.6348271673302336,0.2409187349234636,0.1242540977463026,id03327
0.7506888690121208,0.08809477817099891,0.16121635281688063,id18515
0.4233792955033241,0.10823663700876981,0.46838406748790673,id21003
0.06868015705300595,0.6341155396345552,0.2972043033124373,id23855
0.6381717680293185,0.2036843214015474,0.15814391056913418,id20724
0.39501263150157623,0.20860239364842603,0.39638497484999663,id13303
0.07256571676278409,0.2724700468256212,0.6549642364115941,id16521
0.8499746163861495,0.10092806249266437,0.04909732112118454,id20775
0.834282356556482,0.06964123238327616,0.09607641106024298,id13029
0.625010368173776,0.236829072364617,0.1381605594616065,id14660
0.101970075182611,0.03236682630874621,0.8656630985086423,id11028
0.668245656176301,0.20624537560171338,0.1255089682219847,id14180
0.9457856874794563,0.029314456018608333,0.0248998565019346,id25860
0.5498339168038487,0.10625474918321377,0.34391133401293716,id11910
0.27583531396682753,0.18898194888962208,0.5351827371435502,id08065
0.25850151943852306,0.08491958502181524,0.6565788955396616,id22674
0.3215171402202332,0.12171367646460161,0.5567691833151657,id25018
0.2568554402591231,0.6313683549916335,0.1117762047492432,id10892
0.3977707702939184,0.515123407958177,0.08710582174790324,id10217
0.202680937179015,0.3332050298229644,0.46411403299802145,id12996
0.530097077372375,0.20528333910155772,0.26461958352606896,id18262
0.11871983340317233,0.7891736475177255,0.09210651907910068,id08606
0.6177180387403642,0.11077400337910417,0.27150795788053106,id17233
0.40872579213021437,0.14500316342547545,0.44627104444431,id00101
0.5963802608478768,0.25216527595993554,0.15145446319218747,id12225
0.3393631457016798,0.5288124070589416,0.1318244472393791,id01364
0.5236554014340198,0.14043008670977425,0.33591451185620536,id24973
0.5627255039342852,0.0654416605897403,0.3718328354759763,id25363
0.4588739116225744,0.17471147545665913,0.36641461292076777,id10061
0.41233008758048795,0.43689174912568945,0.15077816329382268,id17673
0.43742596591501626,0.1532532171660306,0.4093208169189529,id13249
0.11644176627685625,0.04387165721699884,0.8396865765061432,id10107
0.6097872143508485,0.0809136283077767,0.30929915734137303,id04403
0.6178258547446236,0.10458155093439382,0.2775925943209821,id25728
0.3173068606043984,0.15131189961911862,0.5313812397764827,id16184
0.11526356618861872,0.01722991709702364,0.8675065167143569,id03438
0.2715045591660251,0.6738509716001768,0.05464446923379877,id22923
0.8029718520336123,0.060603561701860535,0.13642458626452542,id08610
0.2496999047920759,0.1515537851010696,0.5987463101068542,id25355
0.49839193842952356,0.34935055315636143,0.15225750841411445,id16916
0.39065842215695973,0.4409215958534888,0.16841998198955263,id12793
0.4182683735011552,0.20172415849758302,0.38000746800126245,id11859
0.9154687039158308,0.049860492341795015,0.03467080374237504,id02434
0.17672751576398502,0.058809419313206955,0.7644630649228086,id27703
0.43354569306255575,0.4491288012104762,0.11732550572696879,id25212
0.11317111365711911,0.2390474738176504,0.6477814125252307,id11308
0.5832421875209095,0.25191880501267355,0.16483900746641655,id26094
0.7432307499975332,0.223241251417372,0.03352799858509438,id22080
0.7271166118133163,0.1921295545643317,0.08075383362235276,id03545
0.17357308328732488,0.13671773003116458,0.6897091866815114,id23725
0.5022048750179325,0.2844149731266924,0.21338015185537484,id12009
0.3664904199038564,0.19741305949122687,0.4360965206049169,id24241
0.3094570963584562,0.5709235537376026,0.11961934990394282,id03596
0.43330130570480413,0.3512544022221724,0.21544429207302387,id10749
0.20535232983996357,0.13845816581645912,0.6561895043435777,id22794
0.4711515093078232,0.21395983687466427,0.3148886538175112,id15482
0.49417343034429145,0.33220072125874245,0.1736258483969666,id04833
0.24076164399680935,0.030031132779640667,0.7292072232235475,id00397
0.2124386938103879,0.14217736862329947,0.6453839375663121,id14691
0.14235597286086135,0.02943374752739521,0.8282102796117428,id05193
0.6583930226773769,0.14269908421503116,0.19890789310759344,id19541
0.0987582597692762,0.05561167268639912,0.8456300675443251,id22166
0.1546215381910387,0.09845274150400692,0.7469257203049534,id20744
0.14416954905418383,0.025785040991169125,0.830045409954644,id10392
0.5035343196457711,0.2764908629724008,0.21997481738182847,id00770
0.2679975379160981,0.5750854478088918,0.1569170142750085,id06018
0.31971386757399584,0.07722575877000504,0.603060373656,id15678
0.6783182685679576,0.227606489209056,0.09407524222298602,id08305
0.4204524669778446,0.20627761842044154,0.3732699146017134,id08903
0.4994699266066818,0.3498623119968567,0.15066776139646101,id14752
0.21862852265626645,0.6964637156876115,0.08490776165612288,id12468
0.4787356182000993,0.3315190377801291,0.189745344019771,id05085
0.18480535476893875,0.032707781107878364,0.7824868641231845,id21993
0.712640934146659,0.21442718409590725,0.07293188175743369,id15503
0.062326877557968945,0.8769144259189423,0.06075869652309079,id03021
0.92333495084146,0.05078535339640109,0.0258796957621407,id16123
0.7967056017226635,0.10973435845453527,0.09356003982280184,id19383
0.9413409408638787,0.032637704487927674,0.02602135464819303,id04186
0.15875418490059043,0.027387911169478023,0.813857903929935,id17954
0.40954474973669097,0.04197939132303157,0.5484758589402767,id12030
0.5512174740519281,0.36080116192535916,0.08798136402271244,id13020
0.18631445604105626,0.402601204673116,0.41108433928582827,id25327
0.2400504944048666,0.19555047617292626,0.5643990294222073,id16344
0.37321555804559103,0.4039807199951817,0.22280372195922685,id12303
0.6230634231286318,0.21753194618105412,0.15940463069031408,id15017
0.4611864502111819,0.16621542132544978,0.3725981284633682,id22308
0.155707444610499,0.20199660156592095,0.6422959538235784,id06536
0.18441883004467097,0.6797772989739805,0.13580387098134875,id19797
0.4862361129859967,0.3473090929388941,0.16645479407510996,id06332
0.45252674302470414,0.13675098848671538,0.4107222684885807,id22941
0.20299673609752497,0.1379841252762254,0.6590191386262488,id13547
0.11529001705550855,0.025981825050363373,0.8587281578941284,id06928
0.5643737054114316,0.2999167179160797,0.1357095766724873,id12521
0.6091292544991147,0.0793272952971931,0.3115434502036918,id25716
0.016048889197398008,0.0034972947010566044,0.9804538161015465,id27116
0.20883144970846235,0.6423050466776626,0.14886350361387587,id19941
0.07798893866471987,0.10427877606795176,0.8177322852673277,id05711
0.07131656608854076,0.13618086457463865,0.7925025693368198,id02097
0.2174717216286413,0.7235942091782122,0.05893406919314699,id03563
0.3386180030397869,0.47476479369230656,0.18661720326790698,id02295
0.9311481624131303,0.04007643655367473,0.028775401033193284,id08179
0.11520519455651093,0.7517610001546113,0.13303380528887687,id05332
0.5367261053947953,0.20622976396130568,0.25704413064389814,id15697
0.3042445765305171,0.17975932737335976,0.5159960960961225,id17026
0.69676008916818,0.14972557345785253,0.1535143373739674,id04243
0.9239163746220997,0.04450703070229855,0.03157659467560287,id13175
0.6850589245456349,0.0864373678283796,0.22850370762598557,id05387
0.5845240962227779,0.20127263769998874,0.21420326607723333,id19989
0.4825416898600117,0.11896075212757663,0.3984975580124107,id25173
0.3036012800000625,0.5871752206219746,0.10922349937796214,id08925
0.18786951459271564,0.7048238179661234,0.10730666744115973,id03034
0.11956897969431232,0.7936803791285725,0.08675064117711526,id13272
0.6909777992668756,0.15539187636265245,0.153630324370472,id07956
0.10808150889891983,0.08675696381270179,0.805161527288378,id02648
0.29423200915145964,0.056660865400467324,0.6491071254480731,id01778
0.1361683197500458,0.02013927978179701,0.8436924004681563,id12846
0.35268535535691664,0.10120100918856464,0.5461136354545201,id19001
0.5500804671033659,0.18379080069333625,0.26612873220329725,id05763
0.10232439140865102,0.04404568864984946,0.8536299199414996,id15590
0.49942037838146314,0.25087336666431304,0.24970625495422377,id04912
0.7392132186222601,0.12091588862089217,0.1398708927568475,id21201
0.7732062204571721,0.10645199326668078,0.12034178627614724,id13215
0.2248129743083597,0.640569859355523,0.13461716633611862,id15612
0.1674467372550469,0.14415541535759493,0.688397847387359,id18501
0.2991309612593418,0.4810218541689285,0.21984718457172997,id07223
0.3845637308865656,0.3587518560577277,0.2566844130557067,id06707
0.07860595030520469,0.8689030520696926,0.05249099762510285,id05238
0.1901741338169355,0.1603141790555791,0.6495116871274839,id00935
0.4419926489219503,0.13858653017216255,0.41942082090588767,id00110
0.7613112380004802,0.13144454159260469,0.1072442204069166,id17476
0.8101872882366575,0.10045508216088955,0.08935762960245362,id15170
0.45635147991551284,0.17179211705474115,0.3718564030297469,id13397
0.4304681840606128,0.2602922467539807,0.30923956918540674,id24283
0.7041810664996387,0.18440725528485202,0.11141167821550994,id15234
0.43029239988035595,0.40402834968201196,0.16567925043763276,id16884
0.33488688251418913,0.42350307772126267,0.24161003976454629,id07831
0.7771039495533135,0.15021759644648414,0.07267845400020229,id16038
0.683967032910788,0.131925663711423,0.18410730337778894,id03629
0.5768662822887979,0.2755074052514672,0.1476263124597347,id21019
0.3669190618455947,0.22357734729740888,0.4095035908569951,id21835
0.16370315584851697,0.7867203803327646,0.04957646381871912,id04480
0.4236516391933958,0.28651860903963916,0.2898297517669654,id20838
0.36626421804587445,0.3048845410588321,0.3288512408952929,id24195
0.5637515310616396,0.23139720569502062,0.20485126324334055,id05448
0.20407820910295615,0.728122851667845,0.06779893922919944,id15957
0.09504855972261907,0.01135590989611874,0.8935955303812638,id19956
0.23533748784100653,0.27742091886270376,0.48724159329628963,id15104
0.5055811202324323,0.31370165278589096,0.18071722698167653,id17559
0.4971188294967315,0.1365644221587437,0.3663167483445246,id16839
0.4821486927302102,0.10548319594618974,0.41236811132360063,id14493
0.5870282707721369,0.1703412659858274,0.2426304632420347,id08833
0.27778269259746735,0.21930358150801968,0.5029137258945127,id15723
0.8241106047825728,0.11896280204458434,0.056926593172844465,id02716
0.2272329615825263,0.6283878582830915,0.1443791801343815,id06689
0.3812811993210151,0.2853886998278176,0.3333301008511679,id18837
0.7554034671047175,0.11135050370573545,0.1332460291895481,id04466
0.6771999231195002,0.14801581987544965,0.17478425700504985,id00686
0.41592039475797293,0.4748362174720364,0.10924338776999104,id09010
0.5945682299858928,0.19250368406079627,0.21292808595331073,id23353
0.6824196879753678,0.2140247458853123,0.10355556613932015,id00066
0.21124006534099796,0.6142384184820407,0.17452151617696196,id15724
0.3449097627961706,0.06455999403155424,0.5905302431722756,id23486
0.22363670640754432,0.08992547591233609,0.6864378176801208,id22258
0.5968129370742675,0.20224832095802772,0.2009387419677043,id02292
0.3673081339448037,0.13149848059664873,0.5011933854585467,id16356
0.6304715960740677,0.12162901587046421,0.24789938805546835,id00235
0.38382088117109525,0.07628006250977268,0.5398990563191329,id25522
0.26539531575325626,0.6310615497852214,0.10354313446152288,id04204
0.6117595698940753,0.13721335575419621,0.2510270743517289,id22016
0.2841421997957824,0.5696205283376929,0.14623727186652338,id06480
0.11144229254949707,0.04888389015299612,0.8396738172975075,id08718
0.19081008214531395,0.6863986066158236,0.12279131123886139,id05251
0.5675280563068841,0.18593813257090677,0.24653381112221082,id03359
0.17338001210845055,0.06635989826611133,0.7602600896254375,id16117
0.16030923840963762,0.7564465382227343,0.08324422336762764,id17000
0.32140572653452426,0.5562747507953841,0.12231952267009114,id01730
0.5303542179042915,0.30891651056128466,0.1607292715344246,id00630
0.21611128736357368,0.06226704934623017,0.7216216632901958,id18175
0.7398953714303064,0.09258756768864387,0.1675170608810501,id00907
0.2596412001922361,0.6587929263854556,0.08156587342230787,id18251
0.5032876563224835,0.23873776681699177,0.2579745768605251,id25861
0.46711539929073054,0.20272389939575688,0.330160701313512,id00398
0.8775532365131848,0.030354621653821877,0.09209214183299207,id27573
0.1843580183676615,0.46974539855495595,0.3458965830773796,id10022
0.22528022956472807,0.03886174994986032,0.7358580204854115,id15901
0.3396159162784699,0.13028377575956573,0.5301003079619631,id00451
0.29862411856413223,0.5518837955517384,0.14949208588412904,id23129
0.3324885252769336,0.4196182415905534,0.24789323313251282,id26498
0.3456517974897025,0.33456074060983293,0.31978746190046525,id14741
0.3268172745562847,0.10113368635119549,0.5720490390925203,id18453
0.7416280510257394,0.10694706061057739,0.1514248883636826,id08309
0.8045920376126526,0.0663636949072502,0.129044267480099,id00320
0.2695398718122693,0.1249237537343371,0.6055363744533937,id07688
0.31530376227501794,0.09447790369399449,0.5902183340309881,id01556
0.4822252219063413,0.18326840470398814,0.33450637338967104,id00178
0.31871304254731325,0.19932753457211352,0.48195942288057353,id18902
0.4632807148862889,0.3244680306466366,0.2122512544670742,id27002
0.8211064398153721,0.10095850821302929,0.07793505197159825,id21418
0.34137928367122905,0.2970888605466388,0.36153185578213226,id23018
0.42472088332406954,0.3142824977033886,0.2609966189725431,id07032
0.4146953765370539,0.16669039770480767,0.41861422575813856,id16195
0.2631003968222686,0.5221580324982639,0.21474157067946814,id11202
0.44744736135744495,0.1504182366471713,0.40213440199538386,id09578
0.6159249662041835,0.06487888623362242,0.3191961475621936,id26984
0.1733091090802892,0.7289792556039986,0.09771163531571131,id19856
0.4500714832487397,0.12864559188361668,0.42128292486764374,id12086
0.24117265585709063,0.1461187458836077,0.6127085982593024,id12052
0.21256744174219788,0.07417386300250371,0.713258695255299,id17728
0.6519555841979912,0.19237452266976615,0.15566989313224294,id24608
0.38185002805912643,0.17808888405674797,0.44006108788412507,id21097
0.10723277988666984,0.020701730664329874,0.8720654894490019,id20179
0.4425631887343125,0.3648824079512141,0.19255440331447288,id15144
0.7764666303366483,0.06414440314061184,0.15938896652274137,id00206
0.06134229170017156,0.023122606444961932,0.915535101854867,id22285
0.3038950732904557,0.380757243035248,0.3153476836742956,id06417
0.1979978160578959,0.742098126528924,0.05990405741318051,id00215
0.3089530374620754,0.15622366266677462,0.5348232998711494,id04201
0.7955704996396943,0.11785310404516049,0.08657639631514594,id21771
0.26032380425134727,0.4503192388944818,0.2893569568541702,id12451
0.24473554186222593,0.506207580989419,0.24905687714835426,id14250
0.22300534836866925,0.6414804675500191,0.13551418408131066,id03433
0.2664584928534805,0.11957504670730593,0.6139664604392142,id03303
0.4472874277293263,0.2406533999665272,0.3120591723041467,id25901
0.46062219638501034,0.13658828341212984,0.40278952020285896,id06945
0.3654942319486567,0.3197205901978105,0.3147851778535325,id05664
0.9316026833376206,0.023458579087825417,0.04493873757455656,id05741
0.25869365405983064,0.25133584304481826,0.48997050289535177,id10652
0.8329647474174496,0.0729919028638349,0.0940433497187173,id16300
0.4517096576420828,0.2569630498075087,0.29132729255040923,id12319
0.37397321222095553,0.5866470563311802,0.03937973144786339,id07500
0.28370664212165875,0.38188456813426824,0.3344087897440729,id12478
0.2647765648637692,0.06595344781690345,0.6692699873193262,id03076
0.4292977456880737,0.3746409942830889,0.19606126002883742,id00969
0.14714784045670076,0.7337951497886295,0.11905700975466983,id23636
0.21762020910034183,0.13416404625180983,0.6482157446478476,id09791
0.19896380143411055,0.31789182570594465,0.4831443728599453,id05680
0.30733994528190034,0.2730890989814739,0.41957095573662734,id03672
0.21393637947475624,0.5620369833660371,0.22402663715920595,id04286
0.1661670807952696,0.35806582745413396,0.4757670917505953,id23883
0.47601378968288,0.15132279583791175,0.3726634144792079,id11914
0.2552334814241832,0.6280912861168524,0.11667523245896418,id20974
0.18909457139849412,0.1415472429620253,0.6693581856394795,id26125
0.47840476695782047,0.12334521733078303,0.39825001571139723,id15543
0.8933451869801973,0.02694618235836147,0.07970863066143948,id19471
0.6171328867169411,0.24735045243718698,0.13551666084587194,id11503
0.1991547682655555,0.5630470937455131,0.2377981379889305,id09321
0.05652079496998559,0.035243472547155624,0.9082357324828584,id25560
0.3578334227613166,0.19464520121506032,0.44752137602362196,id06726
0.7400148630410275,0.11053744234073956,0.14944769461823285,id05709
0.3635317509856818,0.4183170186460912,0.21815123036822653,id09788
0.888265526127838,0.06599358922117239,0.04574088465099061,id05289
0.11854704540877982,0.7935525062762843,0.08790044831493606,id11815
0.4146638350040622,0.27822257720806437,0.3071135877878742,id22422
0.5829042393920585,0.07927471125166446,0.3378210493562764,id25954
0.44742752890904625,0.3784219701852308,0.17415050090572345,id13601
0.6613555548509634,0.09188451893800267,0.24675992621103335,id05677
0.1841979003096029,0.7338219465832099,0.08198015310718598,id10498
0.4607266065535381,0.3939573149443399,0.14531607850212275,id02665
0.22992124492703586,0.4935700764995979,0.27650867857336614,id10114
0.5161287083918288,0.2494707367336853,0.2344005548744847,id26314
0.3222373945614933,0.22772869206808183,0.45003391337042503,id21240
0.7167878243333551,0.1667936595062534,0.11641851616039069,id15569
0.332714776931577,0.18267382398951235,0.48461139907891054,id25928
0.34964450667141816,0.5207390838629942,0.12961640946558786,id22706
0.14268452321842917,0.5975410947684257,0.2597743820131453,id20877
0.6452455622966079,0.13053205770542947,0.2242223799979622,id04318
0.20060178819902622,0.6395586052580162,0.15983960654295848,id18299
0.27721948040600064,0.04915769440614116,0.6736228251878583,id08126
0.5109983766002386,0.06458887510193327,0.4244127482978277,id14293
0.8416693772877895,0.062318977758022184,0.09601164495418943,id12759
0.5890343140488328,0.12445397757303046,0.28651170837813683,id11983
0.38254338005249444,0.36823681129081315,0.24921980865669174,id05580
0.4465629361743997,0.3305933998855804,0.22284366394001978,id25846
0.385739890369347,0.18310785074375868,0.43115225888689424,id01939
0.22447693322014284,0.3907007754804372,0.38482229129941986,id26327
0.17495938427738997,0.09910509263442137,0.7259355230881875,id11068
0.6131092438994756,0.10900054630957322,0.2778902097909527,id08404
0.539079935723665,0.33622026146874273,0.12469980280759195,id27189
0.24274934251575295,0.5575189141746989,0.19973174330954685,id15119
0.6917103483907417,0.08353277255511117,0.22475687905414665,id26525
0.4956572095590601,0.27450151258588623,0.2298412778550529,id03618
0.795641451936112,0.08923412929873867,0.11512441876514823,id27220
0.14918341847122604,0.05003727698952545,0.8007793045392488,id18777
0.6709229962057975,0.12157632369557786,0.20750068009862452,id20213
0.6735296980851134,0.24317400658562552,0.08329629532926056,id20403
0.3194322626894393,0.10441396153607246,0.5761537757744897,id03777
0.2688065716375698,0.5634303774603029,0.1677630509021261,id10595
0.43691118235631554,0.06773298781711992,0.4953558298265636,id13816
0.25394586492217497,0.17313131486659586,0.5729228202112282,id05667
0.3289099730369861,0.14196517807558665,0.5291248488874267,id24629
0.31192596999566946,0.384413243301523,0.303660786702808,id20398
0.11701878529755459,0.05817786227293503,0.8248033524295119,id14108
0.07490523971549828,0.8864727643755476,0.03862199590895514,id06196
0.3297269563470836,0.49664450299925667,0.1736285406536607,id02800
0.11133856395723771,0.8240020829605843,0.0646593530821765,id18732
0.3250022355624428,0.4427397246042539,0.23225803983330418,id11915
0.4864955243749575,0.11008074407404184,0.4034237315510015,id09739
0.7488688383014187,0.15901832041437236,0.09211284128420773,id24672
0.1294680021614108,0.16627122250993287,0.7042607753286549,id00414
0.5557215563387131,0.20438958741571836,0.23988885624556916,id16307
0.29527985906951054,0.1416531208230796,0.5630670201074098,id14043
0.02200929022864646,0.011295914397737573,0.9666947953736149,id00517
0.7250610658994797,0.22046299712495557,0.054475936975564236,id09744
0.6715398227564033,0.14188388316024717,0.18657629408334966,id19257
0.43356378465902623,0.4430942308898502,0.12334198445112451,id15437
0.3368609368161384,0.12816043002928712,0.5349786331545732,id16352
0.3247310894581052,0.30999738734769455,0.3652715231942005,id18849
0.03218298040398388,0.9394005073773033,0.02841651221871118,id19434
0.33023029681465027,0.1620426382303098,0.5077270649550414,id17928
0.24067507103119007,0.08564574243163209,0.6736791865371777,id16896
0.3852794835979175,0.3157461960633913,0.29897432033869176,id02135
0.6217050125749548,0.17883918374265945,0.19945580368238636,id15075
0.12167604856583042,0.7866847074744291,0.09163924395973899,id27486
0.6589536064338489,0.18956860472568499,0.15147778884046634,id19422
0.26607998102289543,0.4971262917522712,0.2367937272248342,id09603
0.26714672861383376,0.4555231973020902,0.2773300740840767,id02133
0.4035935111039806,0.11730269961877839,0.4791037892772421,id03441
0.2873882071497925,0.6188157600479499,0.09379603280225912,id02398
0.4398063712055621,0.09424192564184017,0.46595170315259654,id05152
0.35083747504485213,0.13816388314369704,0.5109986418114514,id17838
0.783025331925654,0.1374431082815607,0.07953155979278459,id25060
0.2617204534461722,0.13341651764868345,0.6048630289051447,id09998
0.2328392785513141,0.4937463758651948,0.2734143455834919,id01828
0.47790713293022546,0.11201760269304958,0.4100752643767247,id25377
0.2201445608366653,0.6797994240501882,0.10005601511314663,id22175
0.3139145906929761,0.08050499651613872,0.6055804127908856,id02974
0.8054139992833276,0.11172616625008266,0.08285983446658994,id26955
0.6708358886239846,0.13666933595416972,0.19249477542184423,id21091
0.658427793358308,0.21602943016660273,0.12554277647508924,id12802
0.10098553417774585,0.7954707364228955,0.10354372939936088,id07432
0.3308003324013849,0.2847090427209775,0.38449062487763924,id18749
0.12952942140861662,0.14055760451059576,0.7299129740807884,id15030
0.41625772816354567,0.4452673722153917,0.13847489962106346,id17155
0.11141950129385028,0.6804502526746251,0.20813024603152389,id08128
0.07738341141292474,0.6955376077482447,0.22707898083883218,id25706
0.570528971037032,0.30835085888286756,0.12112017008009875,id15645
0.7290704025313935,0.11917197326563554,0.1517576242029693,id04943
0.3021051630217789,0.11772765941685379,0.5801671775613643,id27566
0.3250619474201449,0.24411099839969375,0.43082705418016143,id11765
0.4432818141619548,0.3105138535065158,0.24620433233152972,id13783
0.1416991727862548,0.09786731332670444,0.7604335138870413,id00492
0.2103304650456503,0.12288073984751083,0.6667887951068379,id27636
0.6455809231469744,0.18787680253246677,0.16654227432055937,id04273
0.29475802238116666,0.31879672053120683,0.3864452570876258,id02537
0.6774214762522929,0.243178469007806,0.07940005473989957,id24349
0.10671994413800551,0.6955856086278976,0.19769444723409732,id00023
0.5654768395376972,0.35571384438190307,0.07880931608039807,id23025
0.6454765393310624,0.1338248191928922,0.22069864147604493,id08722
0.8722741469573728,0.092877297814334,0.03484855522829299,id02420
0.6065284238784591,0.0975295566677916,0.29594201945375087,id10811
0.18364398088712722,0.11764589091070772,0.6987101282021645,id04019
0.8819258673445264,0.07484215830073357,0.043231974354739744,id18334
0.316101569214125,0.4797452838069058,0.20415314697896975,id16781
0.5375679936249173,0.34620130721142517,0.11623069916365783,id08773
0.5787941196778649,0.2014516892629389,0.2197541910591975,id19214
0.06579991552265593,0.7540165019138749,0.18018358256347022,id09589
0.5079125077916112,0.14206803207370874,0.35001946013468144,id24246
0.669556441728062,0.2841340940119787,0.0463094642599611,id23577
0.5591127208009081,0.12797101980752598,0.3129162593915661,id09305
0.5933872608516754,0.11425380782615495,0.292358931322169,id16460
0.3797915680809825,0.32587725547316115,0.2943311764458563,id21115
0.49708517077364334,0.18097433681120317,0.32194049241515316,id25996
0.18795669166380524,0.19319124043109376,0.6188520679051019,id02551
0.14385794234945584,0.016284059050391334,0.8398579986001529,id19352
0.24006035260757413,0.08741870213532278,0.6725209452571044,id03806
0.587200907224356,0.19826368434094055,0.21453540843470287,id26544
0.7676620512702119,0.12856455996066965,0.10377338876911987,id18761
0.2824648212095279,0.592421111574346,0.12511406721612472,id24148
0.24562778992522555,0.4909079954530064,0.2634642146217672,id16095
0.5402727561264667,0.164937512512494,0.29478973136103975,id18442
0.034806843013536475,0.0057164750605878355,0.9594766819258761,id22596
0.1270231522861195,0.08679823168807595,0.7861786160258043,id23002
0.8152813776886704,0.09026930648551633,0.0944493158258147,id04797
0.3581152479628326,0.06796886590371232,0.5739158861334551,id06610
0.40349353899586293,0.2878083661065427,0.30869809489759437,id16173
0.2960091073805731,0.16350208476972453,0.5404888078497015,id18292
0.854857038179916,0.05335808995174452,0.09178487186833922,id27328
0.3216962892913842,0.5549678449303393,0.12333586577827564,id01695
0.609470038132462,0.11202589107605578,0.27850407079148165,id05761
0.7694935594866747,0.09136835920845505,0.1391380813048707,id16354
0.29566086992020135,0.37204450690357654,0.3322946231762221,id12207
0.4045828561664152,0.0959421538722725,0.49947498996131273,id05665
0.5886817332164067,0.22138004049533824,0.1899382262882549,id01911
0.15367055091559578,0.07454192170338304,0.7717875273810215,id19153
0.51773164030142,0.2958629478959901,0.18640541180259093,id10295
0.4533841931168361,0.29693356833653506,0.24968223854662794,id23038
0.4695258742716804,0.43674223268985696,0.09373189303846116,id23783
0.6053937114859786,0.3012068258632324,0.09339946265078856,id27879
0.16845639849942348,0.7717679860113786,0.05977561548919666,id19190
0.8205308032749214,0.07210922482731365,0.10735997189776389,id05065
0.15394313577269395,0.5562836991602674,0.289773165067037,id21296
0.4646348169449877,0.22177560665638066,0.31358957639863233,id13262
0.6603224459140402,0.10501048152501578,0.23466707256094552,id10333
0.2631539045322324,0.30400775879020536,0.4328383366775622,id16677
0.35281561976034925,0.10529054746002615,0.5418938327796244,id01392
0.35809882748959276,0.2898388779111656,0.352062294599242,id27874
0.06770944358639287,0.7758052685093432,0.1564852879042637,id02294
0.13511314374111139,0.13141705245984972,0.7334698037990396,id18298
0.7393446341972342,0.09815395907761457,0.16250140672515248,id06997
0.3660856930907173,0.23900989127129912,0.39490441563798445,id05243
0.17305341529972207,0.5755174878914407,0.25142909680883857,id00860
0.8582147207418348,0.09921371899809094,0.04257156026007586,id26681
0.06245355471543136,0.007881308086236822,0.9296651371983341,id06020
0.5008547265600892,0.2508803356949857,0.24826493774492447,id27683
0.20354665725413476,0.733218457334159,0.0632348854117053,id17655
0.2609399342007731,0.10160245181954422,0.6374576139796816,id08817
0.1350251207891229,0.13589026656265113,0.7290846126482262,id11512
0.37574379838756433,0.16919031762388415,0.45506588398855086,id00478
0.6049955642466208,0.16661903183703314,0.22838540391634685,id02116
0.7861520067605265,0.11481069206623278,0.09903730117324103,id06746
0.35486773968581525,0.5027352226160287,0.1423970376981563,id03863
0.2950901959411454,0.43918320957513757,0.26572659448371544,id01802
0.5544842968248712,0.1136264963648641,0.33188920681026385,id11682
0.1718811550108441,0.5946581010478685,0.23346074394128605,id04033
0.3741603136084171,0.2785181648611311,0.34732152153045076,id09286
0.8882394438291159,0.07133483658936615,0.04042571958151813,id12904
0.13767375672452928,0.07004506420114177,0.7922811790743295,id07420
0.05907026162719466,0.8771896946762001,0.06374004369660638,id22398
0.316855514260022,0.11010417575444263,0.573040309985534,id00424
0.6793950736226618,0.20870012636989763,0.1119048000074397,id20960
0.442858187831538,0.32628434858642646,0.23085746358203602,id10267
0.439183431674885,0.060042896855331464,0.5007736714697828,id19330
0.16827157811502946,0.7320187268037681,0.09970969508120207,id00994
0.5633680157232895,0.2131474286842711,0.2234845555924403,id10785
0.12238393868067665,0.775472256859657,0.10214380445966653,id00955
0.12453026893788767,0.8356045591307838,0.039865171931329935,id09757
0.242196164793459,0.17548100405844425,0.5823228311480972,id10030
0.16110340297204942,0.16910376492041915,0.669792832107532,id22952
0.05581166702195175,0.052113874483960806,0.8920744584940857,id21955
0.4195982073010531,0.22831991505359114,0.35208187764535515,id07674
0.3848780506021302,0.4998145168270193,0.11530743257085159,id13760
0.7016177261162729,0.07579316137046976,0.2225891125132576,id18166
0.7572526965091654,0.1986502862522914,0.04409701723854151,id23498
0.784895493848748,0.06158231972405467,0.1535221864271958,id05296
0.5178589958872671,0.23357483357397918,0.2485661705387531,id26709
0.7337019700023387,0.16555255850644687,0.10074547149121571,id02853
0.30560258110020627,0.19596882566788312,0.4984285932319097,id06800
0.31941007488781265,0.4217448401728035,0.258845084939384,id14758
0.648911696457014,0.18689540695858323,0.16419289658440356,id12356
0.5512764804658026,0.22564565466102388,0.22307786487317435,id21492
0.4910065052437017,0.10275880735972509,0.4062346873965724,id27540
0.4228818531543155,0.3738823077410169,0.20323583910466655,id07376
0.566666071380077,0.27185840034494946,0.16147552827497227,id15201
0.21315977595431157,0.6007052890561474,0.18613493498953987,id23388
0.2714315216567148,0.5519824516500291,0.17658602669325713,id13923
0.20808186053190575,0.6772264867498561,0.11469165271823842,id00794
0.316460657097465,0.23870268808295134,0.44483665481958296,id23910
0.13423750697606698,0.154867364615276,0.7108951284086563,id02556
0.16188103133500176,0.7535164313638629,0.08460253730113626,id22151
0.21396272353370688,0.6038771520293357,0.18216012443695917,id11698
0.5181322089962742,0.17943818434089107,0.3024296066628346,id11627
0.8931723833321329,0.05526580104934313,0.051561815618522355,id06340
0.665331927241076,0.158381186131255,0.17628688662766895,id05123
0.1631730630191069,0.04933530890437614,0.7874916280765154,id26620
0.21062666432776275,0.2934895334711213,0.49588380220111694,id04002
0.4563134504670608,0.3199078070919602,0.22377874244097776,id26554
0.3169006957590329,0.2564771908816225,0.42662211335934325,id18012
0.2503065888040207,0.07598621675503381,0.6737071944409463,id12964
0.19695975338827915,0.4667988552244862,0.33624139138723624,id18965
0.21283446097692715,0.07191425349548314,0.7152512855275897,id19082
0.11862542949907874,0.03597024084061751,0.845404329660303,id26742
0.33239581379493227,0.4494186514822141,0.21818553472285407,id15442
0.38875800115232384,0.24723105982731536,0.3640109390203611,id16647
0.3836028113307545,0.11975339107043705,0.4966437975988086,id11544
0.3378572676671895,0.18133972203882087,0.48080301029398986,id20581
0.3210582865189093,0.3191803804509649,0.3597613330301252,id13192
0.3576287652153643,0.3091821137505362,0.3331891210340992,id15814
0.316126574737285,0.5606341907336104,0.12323923452910332,id26279
0.8128122015680943,0.08790633569370256,0.09928146273820301,id00240
0.874285441842301,0.05991779475513396,0.0657967634025677,id22836
0.3188722702999754,0.3289890286705739,0.35213870102945183,id15085
0.41576171287296165,0.1235157988468657,0.46072248828017365,id17495
0.4305928619165375,0.3547537198042408,0.21465341827922343,id26762
0.8364847481861655,0.029393460587457596,0.1341217912263765,id13685
0.14002304534947194,0.8051950406229275,0.05478191402759929,id16560
0.09026444104743114,0.8183615040037139,0.09137405494885362,id17184
0.9346462993844795,0.03147482816096371,0.033878872454558076,id21635
0.27615369217932173,0.5347008754323562,0.18914543238832185,id26751
0.6837316817163888,0.10574975712469832,0.21051856115891324,id12351
0.40349353899586293,0.2878083661065427,0.30869809489759437,id14872
0.5981805240233325,0.24097666630405934,0.16084280967260822,id18372
0.5634215571397743,0.22681594204100636,0.20976250081921927,id26851
0.5361049992947395,0.40191735802926676,0.061977642675992865,id22659
0.08885159235700599,0.018369011446060002,0.8927793961969355,id04102
0.27676469194583203,0.5566860273250377,0.16654928072912994,id02353
0.7711672941975259,0.14425040888946344,0.08458229691301174,id26721
0.5437957915688628,0.1834387064791358,0.2727655019520009,id11171
0.3891566689799108,0.3547327351344886,0.2561105958856006,id13562
0.7731148873937298,0.07010837030676484,0.15677674229950567,id26425
0.4269253810255747,0.14688786990422972,0.42618674907019466,id26394
0.3340856152541868,0.4939045339437476,0.1720098508020658,id22187
0.8449183583102724,0.04556959391536342,0.10951204777436684,id00422
0.12231260845390983,0.8514254049363233,0.02626198660976732,id22667
0.5073459691823294,0.3133643515523338,0.1792896792653372,id00911
0.3670100704217417,0.2156009241493421,0.41738900542891527,id17291
0.30849046516708745,0.1912019325529503,0.5003076022799631,id01915
0.13566839684716267,0.08758051412451333,0.7767510890283246,id01434
0.46507747220733203,0.16387872806708678,0.371043799725581,id01584
0.6406118510510247,0.11385332939604367,0.24553481955293038,id09266
0.12681684801539775,0.815888589647496,0.05729456233710514,id17494
0.2897342243667406,0.3505921545903549,0.3596736210429044,id24919
0.33925037463374086,0.026651148114194702,0.6340984772520663,id21043
0.19551490789104,0.7115694814966039,0.09291561061235744,id17796
0.36545187493841425,0.09926269159119262,0.5352854334703945,id02166
0.7281317489115384,0.0788480345536586,0.19302021653480153,id17503
0.3122101368825287,0.2417361226275394,0.44605374048993207,id21203
0.907510984828542,0.03694410458173629,0.05554491058972094,id25626
0.902900825836985,0.06311858867882186,0.03398058548419144,id09836
0.30742219805482246,0.24821360917305166,0.4443641927721251,id24202
0.3723226897483268,0.24300642548082896,0.3846708847708446,id27260
0.14959053844768228,0.05387452209232403,0.7965349394599952,id23167
0.14557088102596755,0.7657559741847249,0.0886731447893069,id10393
0.4496351376584795,0.3138007902853357,0.2365640720561851,id01171
0.7524912934216391,0.13820190975961116,0.10930679681874882,id06380
0.4174366045754716,0.07876273843553612,0.5038006569889905,id22686
0.25630702438595093,0.06913242925986386,0.674560546354184,id26250
0.3555451291718453,0.3782733505346323,0.266181520293523,id09315
0.3275094708711631,0.38433968359196474,0.2881508455368716,id00886
0.5082846263403875,0.2246286190399377,0.2670867546196755,id03101
0.4919160593777695,0.16027296436326147,0.34781097625896956,id12367
0.4421480104156905,0.11194303360720725,0.4459089559771018,id10770
0.2109785482380019,0.7174865794051875,0.07153487235681193,id14949
0.3147359348271333,0.5532446012861464,0.13201946388671892,id14141
0.45857393000294605,0.328101025015026,0.21332504498202787,id25417
0.4879504578097411,0.194196645961045,0.31785289622921253,id26873
0.361194502797249,0.10802960168617334,0.530775895516578,id10818
0.6324796414920656,0.06522734421778861,0.30229301429014654,id15146
0.612113309803265,0.227537384798985,0.16034930539774994,id23328
0.4672204887055563,0.3153289182716464,0.21745059302279737,id16765
0.740031373229959,0.07608114190932341,0.18388748486071743,id24383
0.6194478461394971,0.1396772797237321,0.2408748741367706,id21304
0.23236240965090643,0.6669015932494421,0.10073599709965111,id12551
0.3307794140506634,0.23384063854928075,0.4353799474000553,id23274
0.44594719713217906,0.23014124504580677,0.32391155782201425,id08117
0.7140706448537392,0.1414599595355203,0.14446939561074162,id23961
0.18004869311073624,0.733939548517064,0.08601175837220092,id13865
0.44803418424258235,0.1485513597182405,0.4034144560391778,id22807
0.23232998914332084,0.22359066542209585,0.5440793454345835,id08951
0.8715188837728096,0.08322779993522003,0.045253316291971206,id18684
0.22246601421257695,0.3559524429157797,0.4215815428716429,id25179
0.5791291007062543,0.13537740166959214,0.28549349762415377,id27033
0.29627717905887957,0.36341579919024863,0.34030702175087224,id13977
0.13683524442832876,0.5657990956578666,0.297365659913806,id19337
0.3706487091524416,0.47558468084731026,0.15376661000024988,id25764
0.2961973705492322,0.2612984072847338,0.44250422216603286,id16106
0.13243815048136484,0.06589569388011773,0.8016661556385192,id05468
0.755691043432869,0.09303864844036316,0.151270308126768,id05241
0.5118400979248484,0.2356915383953868,0.2524683636797651,id10215
0.1929909243103361,0.15461358847179915,0.6523954872178633,id23457
0.7730904615700607,0.1601347375434905,0.06677480088644705,id02200
0.38477500579234375,0.44923838585457504,0.16598660835308154,id13714
0.04505044884635046,0.04193767916488249,0.9130118719887672,id20332
0.2557640351367192,0.25031744713690773,0.4939185177263732,id18573
0.7026565884807321,0.05803684773582705,0.23930656378343906,id08569
0.5329718662098115,0.26792377582709626,0.19910435796309128,id22767
0.26474228109726006,0.49132675837476825,0.2439309605279705,id25390
0.7458354285065202,0.13388350887927397,0.1202810626142056,id09288
0.7150802728451191,0.14275174163890783,0.1421679855159747,id12381
0.25166788596661765,0.21477582856631705,0.5335562854670646,id02895
